$ 1 0.000005 10.20027730826997 50 5 43
r 112 16 208 16 0 10000
r 112 48 208 48 0 10000
r 112 80 208 80 0 10000
r 112 112 208 112 0 10000
w 112 16 112 48 0
w 112 48 112 80 0
w 112 80 112 112 0
w 64 64 112 64 0
w 112 64 112 80 0
s 464 16 528 16 0 1 false
s 464 48 528 48 0 0 false
s 464 80 528 80 0 1 false
s 464 112 528 112 0 0 false
v 64 256 64 192 0 0 40 5 0 0 0.5
w 528 16 528 48 0
w 528 80 528 112 0
w 592 64 592 256 0
w 288 416 560 416 0
w 528 64 560 64 0
w 528 80 528 64 0
w 528 48 528 64 0
w 592 320 592 256 0
w 288 416 64 416 0
w 64 272 64 256 0
w 64 352 64 272 0
w 592 416 592 320 0
w 64 416 64 352 0
w 64 192 64 64 0
w 560 416 592 416 0
w 560 64 592 64 0
w 464 112 432 112 0
w 464 80 384 80 0
w 464 48 320 48 0
w 208 16 256 16 0
w 464 16 256 16 0
w 208 48 320 48 0
w 208 80 384 80 0
w 432 112 208 112 0
162 112 352 64 352 2 default-led 0 0 1 0.01
w 256 16 256 144 0
w 320 48 320 144 0
w 432 112 432 144 0
I 256 144 256 208 0 0.5 5
I 320 144 320 208 0 0.5 5
150 192 352 112 352 0 3 4.999999999999999 5
152 304 272 304 320 0 2 5 5
152 368 272 368 320 0 3 5 5
152 432 272 432 320 0 3 5 5
w 192 336 304 336 0
w 304 336 304 320 0
w 192 352 368 352 0
w 368 352 368 320 0
w 192 368 432 368 0
w 432 320 432 368 0
w 256 208 256 240 0
w 256 240 288 240 0
w 288 240 288 272 0
w 416 256 320 256 0
w 320 256 320 272 0
w 320 208 368 208 0
w 432 144 432 192 0
w 384 272 384 208 0
w 384 208 432 208 0
w 432 208 432 192 0
w 352 272 352 240 0
w 352 240 288 240 0
w 384 80 384 144 0
w 384 144 384 176 0
w 384 176 416 176 0
w 416 176 416 256 0
w 416 256 416 272 0
w 368 208 368 240 0
w 368 240 432 240 0
w 432 272 432 240 0
w 432 208 448 208 0
w 448 208 448 272 0
w 368 240 368 272 0
