$ 1 0.000005 0.7389056098930651 39 5 43
r 96 -64 192 -64 0 10000
r 96 -32 192 -32 0 10000
r 96 0 192 0 0 10000
s 352 -64 416 -64 0 1 false
s 352 -32 416 -32 0 0 false
s 352 0 416 0 0 1 false
v 64 256 64 192 0 0 40 5 0 0 0.5
w 416 -64 416 -32 0
w 464 64 464 256 0
w 416 0 416 -16 0
w 464 320 464 256 0
w 288 384 64 384 0
w 64 272 64 256 0
w 64 320 64 272 0
w 464 384 464 320 0
w 64 384 64 320 0
w 64 192 64 64 0
w 336 384 464 384 0
w 96 0 96 -32 0
w 96 -64 96 -32 0
w 64 -32 64 64 0
w 416 -32 464 -32 0
w 416 -16 416 -32 0
w 464 64 464 -32 0
w 336 384 288 384 0
162 128 320 80 320 2 default-led 0 0 1 0.01
r 128 320 176 320 0 200
w 80 320 64 320 0
w 96 -32 64 -32 0
w 256 -64 192 -64 0
w 256 -64 352 -64 0
w 272 16 272 0 0
w 272 0 192 0 0
w 192 -64 192 272 0
w 352 -32 320 -32 0
w 352 0 336 0 0
w 336 0 272 0 0
w 224 -32 192 -32 0
w 224 -32 320 -32 0
151 272 320 176 320 0 2 5 5
151 368 320 288 320 0 2 0 5
w 288 320 272 320 0
w 272 320 272 304 0
w 272 336 272 320 0
w 368 304 368 272 0
w 368 336 400 336 0
w 400 336 400 256 0
153 336 32 336 112 0 2 5 5
w 320 32 352 32 0
w 320 32 320 -32 0
153 320 112 320 176 0 2 0 5
153 320 192 320 256 0 2 5 5
w 320 176 320 192 0
w 320 192 304 192 0
w 320 192 336 192 0
w 368 272 192 272 0
w 272 16 272 112 0
w 304 112 272 112 0
w 400 256 320 256 0
