$ 1 0.000005 10.20027730826997 50 5 43
r 112 16 208 16 0 10000
r 112 48 208 48 0 10000
r 112 80 208 80 0 10000
r 112 112 208 112 0 10000
w 112 16 112 48 0
w 112 48 112 80 0
w 112 80 112 112 0
w 64 64 112 64 0
w 112 64 112 80 0
s 464 16 528 16 0 1 false
s 464 48 528 48 0 1 false
s 464 80 528 80 0 1 false
s 464 112 528 112 0 1 false
v 64 256 64 192 0 0 40 5 0 0 0.5
w 528 16 528 48 0
w 528 80 528 112 0
w 592 64 592 256 0
w 288 384 560 384 0
w 528 64 560 64 0
w 528 80 528 64 0
w 528 48 528 64 0
w 592 320 592 256 0
w 288 384 64 384 0
w 64 272 64 256 0
w 64 320 64 272 0
w 592 384 592 320 0
w 64 384 64 320 0
w 64 192 64 64 0
w 560 384 592 384 0
w 560 64 592 64 0
w 192 320 176 320 0
w 208 16 208 208 0
w 464 16 208 16 0
r 128 320 176 320 0 200
162 128 320 80 320 2 default-led 0 0 1 0.01
w 528 112 528 144 0
s 464 144 528 144 0 1 false
w 112 112 112 144 0
r 112 144 208 144 0 10000
w 240 48 240 208 0
w 272 80 272 240 0
w 304 112 304 208 0
w 336 144 336 176 0
w 208 144 336 144 0
w 336 144 464 144 0
w 464 112 304 112 0
w 304 112 208 112 0
w 464 80 272 80 0
w 272 80 208 80 0
w 208 48 240 48 0
w 240 48 464 48 0
150 256 320 208 320 0 2 5 5
w 80 320 64 320 0
w 192 320 208 320 0
w 256 336 320 336 0
w 320 336 560 336 0
w 336 176 560 176 0
w 256 304 544 304 0
152 480 256 528 256 0 2 5 5
152 224 208 224 240 0 2 5 5
151 320 256 384 256 0 2 0 5
w 560 336 560 176 0
w 528 256 544 256 0
w 544 256 544 304 0
w 432 256 432 272 0
w 432 272 480 272 0
w 304 208 448 208 0
w 448 240 448 208 0
w 480 240 448 240 0
w 384 256 432 256 0
w 272 240 320 240 0
w 224 240 224 272 0
w 320 272 224 272 0
