$ 1 0.000005 6.450009306485578 50 5 43
r 96 -64 192 -64 0 10000
r 96 -32 192 -32 0 10000
r 96 0 192 0 0 10000
s 352 -64 416 -64 0 0 false
s 352 -32 416 -32 0 0 false
s 352 0 416 0 0 0 false
v 64 256 64 192 0 0 40 5 0 0 0.5
w 416 -64 416 -32 0
w 464 64 464 256 0
w 416 0 416 -16 0
w 464 320 464 256 0
w 288 384 64 384 0
w 64 272 64 256 0
w 64 320 64 272 0
w 464 384 464 320 0
w 64 384 64 320 0
w 64 192 64 64 0
w 336 384 464 384 0
w 96 0 96 -32 0
w 96 -64 96 -32 0
w 64 -32 64 64 0
w 416 -32 464 -32 0
w 416 -16 416 -32 0
w 464 64 464 -32 0
w 336 384 288 384 0
162 128 320 80 320 2 default-led 0 0 1 0.01
r 128 320 176 320 0 200
w 224 320 176 320 0
w 80 320 64 320 0
w 96 -32 64 -32 0
I 192 32 192 80 0 0.5 5
I 272 48 272 96 0 0.5 5
151 208 112 208 176 0 2 0 5
w 256 -64 192 -64 0
w 256 -64 352 -64 0
w 272 16 272 0 0
w 272 0 192 0 0
w 192 80 192 112 0
w 224 112 224 96 0
152 272 320 224 320 0 2 0 5
150 416 240 416 288 0 3 0 5
w 416 288 416 336 0
w 272 336 416 336 0
w 192 16 304 16 0
w 432 240 432 16 0
w 192 32 192 16 0
w 192 -64 192 16 0
w 192 -32 320 -32 0
w 272 16 272 32 0
w 272 32 272 48 0
w 272 96 224 96 0
w 352 -32 320 -32 0
w 208 176 208 224 0
w 400 240 400 224 0
w 400 224 208 224 0
150 320 240 320 288 0 3 0 5
w 272 304 320 304 0
w 320 304 320 288 0
w 304 240 304 16 0
w 304 16 432 16 0
w 352 0 336 0 0
w 336 0 272 0 0
I 400 96 400 160 0 0.5 5
w 400 96 400 48 0
w 416 160 416 240 0
w 416 160 400 160 0
w 336 0 336 240 0
w 320 -32 320 48 0
w 320 48 400 48 0
w 320 48 320 240 0
