$ 1 0.000005 10.20027730826997 50 5 43
r 112 16 208 16 0 10000
r 112 48 208 48 0 10000
r 112 80 208 80 0 10000
s 240 16 304 16 0 0 false
s 240 48 304 48 0 0 false
s 240 80 304 80 0 0 false
w 208 16 240 16 0
w 208 80 240 80 0
v 64 256 64 192 0 0 40 5 0 0 0.5
w 304 16 304 48 0
w 368 64 368 256 0
w 304 80 304 64 0
w 368 320 368 256 0
w 288 384 64 384 0
w 64 272 64 256 0
w 64 320 64 272 0
w 368 384 368 320 0
w 64 384 64 320 0
w 208 16 208 144 0
w 224 48 224 144 0
w 240 80 240 144 0
w 240 144 240 160 0
w 208 144 208 160 0
w 224 144 224 160 0
w 64 192 64 64 0
w 336 384 368 384 0
w 224 48 208 48 0
w 112 80 112 48 0
w 112 16 112 48 0
w 112 48 64 48 0
w 64 48 64 64 0
w 304 48 352 48 0
w 304 64 304 48 0
w 368 64 368 48 0
w 368 48 352 48 0
w 336 384 288 384 0
w 240 48 224 48 0
152 224 192 224 288 0 3 0 5
w 208 192 208 160 0
w 240 192 240 160 0
w 224 160 224 192 0
w 224 320 224 288 0
162 128 320 80 320 2 default-led 0 0 1 0.01
r 128 320 176 320 0 200
w 192 320 176 320 0
w 224 320 192 320 0
w 80 320 64 320 0
