$ 1 0.000005 6.450009306485578 50 5 43
r 112 16 208 16 0 10000
r 112 48 208 48 0 10000
r 112 80 208 80 0 10000
s 240 16 304 16 0 0 false
s 240 48 304 48 0 0 false
s 240 80 304 80 0 0 false
w 208 16 240 16 0
v 64 256 64 192 0 0 40 5 0 0 0.5
w 304 16 304 48 0
w 368 64 368 256 0
w 304 80 304 64 0
w 368 320 368 256 0
w 288 384 64 384 0
w 64 272 64 256 0
w 64 320 64 272 0
w 368 384 368 320 0
w 64 384 64 320 0
w 64 192 64 64 0
w 336 384 368 384 0
w 224 48 208 48 0
w 112 80 112 48 0
w 112 16 112 48 0
w 112 48 64 48 0
w 64 48 64 64 0
w 304 48 352 48 0
w 304 64 304 48 0
w 368 64 368 48 0
w 368 48 352 48 0
w 336 384 288 384 0
w 240 48 224 48 0
162 128 320 80 320 2 default-led 0 0 1 0.01
r 128 320 176 320 0 200
w 224 320 176 320 0
w 80 320 64 320 0
w 208 80 240 80 0
w 192 16 208 16 0
w 240 224 240 80 0
w 192 16 192 144 0
w 224 144 224 48 0
w 208 192 208 224 0
w 224 320 224 272 0
150 208 144 208 192 0 2 0 5
152 224 224 224 272 0 2 0 5
