$ 1 0.000005 10.20027730826997 50 5 43
r 112 16 208 16 0 10000
r 112 48 208 48 0 10000
r 112 80 208 80 0 10000
r 112 112 208 112 0 10000
w 112 16 112 48 0
w 112 48 112 80 0
w 112 80 112 112 0
w 64 64 112 64 0
w 112 64 112 80 0
s 464 16 528 16 0 0 false
s 464 48 528 48 0 1 false
s 464 80 528 80 0 1 false
s 464 112 528 112 0 0 false
v 64 256 64 192 0 0 40 5 0 0 0.5
w 528 16 528 48 0
w 528 80 528 112 0
w 592 64 592 256 0
w 288 384 560 384 0
w 528 64 560 64 0
w 528 80 528 64 0
w 528 48 528 64 0
w 592 320 592 256 0
w 288 384 64 384 0
w 64 272 64 256 0
w 64 320 64 272 0
w 592 384 592 320 0
w 64 384 64 320 0
w 64 192 64 64 0
w 560 384 592 384 0
w 560 64 592 64 0
w 176 320 160 320 0
150 240 320 176 320 0 4 5 5
153 512 336 448 336 0 2 5 5
w 240 352 432 352 0
w 432 352 432 336 0
w 256 16 256 144 0
w 464 112 432 112 0
w 432 112 432 144 0
w 464 80 384 80 0
w 384 80 384 144 0
w 464 48 320 48 0
w 320 48 320 144 0
w 208 16 256 16 0
w 464 16 256 16 0
w 208 48 320 48 0
w 208 80 384 80 0
w 432 112 208 112 0
w 432 144 560 144 0
w 560 144 560 352 0
w 560 352 512 352 0
w 256 144 256 176 0
w 256 176 544 176 0
w 512 320 544 320 0
w 544 320 544 176 0
I 256 192 256 240 0 0.5 5
w 240 288 256 288 0
w 256 288 256 240 0
w 256 192 256 176 0
w 240 304 320 304 0
w 320 304 320 144 0
w 240 336 384 336 0
w 384 336 384 144 0
w 432 336 448 336 0
r 112 320 160 320 0 200
162 112 320 64 320 2 default-led 0 0 1 0.01
