$ 1 0.000005 10.20027730826997 50 5 43
r 112 16 208 16 0 10000
r 112 48 208 48 0 10000
r 112 80 208 80 0 10000
s 464 16 528 16 0 1 false
s 464 80 528 80 0 1 false
w 208 80 240 80 0
v 64 256 64 192 0 0 40 5 0 0 0.5
w 592 64 592 256 0
w 288 384 560 384 0
w 592 320 592 256 0
w 288 384 64 384 0
w 64 272 64 256 0
w 64 320 64 272 0
w 592 384 592 320 0
w 64 384 64 320 0
w 240 80 464 80 0
w 64 192 64 64 0
w 560 384 592 384 0
w 560 48 592 48 0
150 368 208 368 288 0 2 0 5
150 432 208 432 288 0 2 0 5
150 544 208 544 288 0 3 5 5
152 320 320 224 320 0 3 5 5
w 368 288 368 304 0
w 368 304 320 304 0
w 320 320 432 320 0
w 544 288 544 336 0
w 432 288 432 320 0
w 112 48 64 48 0
w 64 64 64 48 0
w 112 80 112 48 0
w 112 48 112 16 0
s 464 48 528 48 0 1 false
w 528 48 528 80 0
w 528 48 528 16 0
w 560 48 528 48 0
w 592 64 592 48 0
w 240 64 240 144 0
w 208 16 304 16 0
w 208 48 272 48 0
w 304 16 304 112 0
w 272 48 464 48 0
w 464 16 304 16 0
w 384 112 384 208 0
w 384 112 304 112 0
w 576 208 576 112 0
w 272 48 272 128 0
w 272 128 416 128 0
w 416 208 416 128 0
I 448 160 448 192 0 0.5 5
w 448 208 448 192 0
w 448 160 448 112 0
w 384 112 448 112 0
w 448 112 576 112 0
w 544 208 544 128 0
w 320 336 544 336 0
w 544 128 416 128 0
I 512 160 512 192 0 0.5 5
w 528 208 512 208 0
w 512 208 512 192 0
w 512 160 512 144 0
w 352 208 352 144 0
w 240 144 352 144 0
w 352 144 512 144 0
w 576 208 560 208 0
162 144 320 96 320 2 default-led 0 0 1 0.01
r 144 320 192 320 0 200
w 208 320 192 320 0
w 96 320 64 320 0
w 224 320 208 320 0
