$ 1 0.000005 10.20027730826997 50 5 43
r 112 16 208 16 0 1000
r 112 48 208 48 0 1000
r 112 80 208 80 0 1000
r 112 112 208 112 0 1000
w 112 16 112 48 0
w 112 48 112 80 0
w 112 80 112 112 0
w 64 64 112 64 0
w 112 64 112 80 0
s 464 16 528 16 0 0 false
s 464 48 528 48 0 0 false
s 464 80 528 80 0 0 false
s 464 112 528 112 0 0 false
w 208 16 240 16 0
w 208 80 240 80 0
w 208 112 240 112 0
v 64 256 64 192 0 0 40 5 0 0 0.5
w 528 16 528 48 0
w 528 80 528 112 0
w 592 64 592 256 0
w 288 384 560 384 0
w 528 64 560 64 0
w 528 80 528 64 0
w 528 48 528 64 0
w 592 320 592 256 0
w 288 384 64 384 0
w 64 272 64 256 0
w 64 320 64 272 0
w 240 16 464 16 0
w 592 384 592 320 0
w 64 384 64 320 0
w 240 80 464 80 0
w 208 16 208 144 0
w 224 48 224 144 0
w 240 80 240 144 0
w 256 112 256 144 0
w 256 144 272 144 0
w 240 144 240 160 0
w 240 160 256 160 0
w 448 160 448 176 0
w 272 144 288 144 0
w 480 144 480 176 0
w 208 144 208 160 0
w 224 144 224 160 0
w 480 144 288 144 0
w 448 160 256 160 0
w 464 336 464 304 0
w 448 176 448 192 0
w 480 176 480 192 0
w 208 160 208 192 0
w 464 336 336 336 0
w 64 192 64 64 0
153 464 192 464 272 0 2 5 5
w 464 272 464 304 0
w 560 384 592 384 0
w 560 64 592 64 0
151 240 320 176 320 0 3 5 5
w 256 112 240 112 0
w 256 112 464 112 0
w 224 48 208 48 0
w 464 48 224 48 0
w 208 192 208 256 0
w 240 288 240 256 0
w 240 320 256 320 0
w 256 304 256 240 0
w 256 304 256 320 0
w 240 304 240 288 0
w 240 336 336 336 0
w 240 256 208 256 0
w 256 240 224 240 0
w 224 240 224 160 0
162 128 320 64 320 2 default-led 0 0 1 0.01
r 128 320 176 320 0 200
