$ 1 0.000005 10.20027730826997 50 5 43
r 112 16 208 16 0 10000
r 112 48 208 48 0 10000
r 112 80 208 80 0 10000
r 112 112 208 112 0 10000
w 112 16 112 48 0
w 112 48 112 80 0
w 112 80 112 112 0
w 64 64 112 64 0
w 112 64 112 80 0
s 464 16 528 16 0 0 false
s 464 48 528 48 0 0 false
s 464 80 528 80 0 0 false
s 464 112 528 112 0 0 false
v 64 256 64 192 0 0 40 5 0 0 0.5
w 528 16 528 48 0
w 528 80 528 112 0
w 1104 64 1104 256 0
w 528 64 560 64 0
w 528 80 528 64 0
w 528 48 528 64 0
w 64 272 64 256 0
w 64 512 64 464 0
w 64 192 64 64 0
w 560 64 592 64 0
w 192 320 176 320 0
w 464 16 208 16 0
r 128 320 176 320 0 200
162 128 320 64 320 2 default-led 0 0 1 0.01
w 464 112 304 112 0
w 304 112 208 112 0
w 464 80 272 80 0
w 272 80 208 80 0
w 208 48 240 48 0
w 240 48 464 48 0
162 128 512 64 512 2 default-led 0 0 1 0.01
r 128 512 176 512 0 200
w 192 512 176 512 0
162 128 464 64 464 2 default-led 0 0 1 0.01
r 128 464 176 464 0 200
w 192 464 176 464 0
162 128 416 64 416 2 default-led 0 0 1 0.01
r 128 416 176 416 0 200
w 192 416 176 416 0
w 64 320 64 416 0
w 64 416 64 464 0
w 64 272 64 320 0
w 64 512 64 608 0
w 592 64 1104 64 0
w 1104 256 1104 560 0
152 272 320 192 320 0 2 5 5
150 368 256 304 256 0 2 5 5
150 368 368 304 368 0 2 5 5
w 272 336 304 368 0
w 272 304 304 256 0
I 448 384 416 384 0 0.5 5
I 208 160 208 192 0 0.5 5
w 208 192 400 192 0
w 400 240 368 240 0
w 400 240 400 192 0
w 400 240 400 352 0
w 368 352 400 352 0
w 416 272 384 272 0
w 416 384 368 384 0
w 272 80 272 144 0
w 304 112 304 144 0
w 240 48 240 144 0
w 272 144 272 160 0
w 272 160 448 160 0
w 464 160 448 160 0
w 304 144 496 144 0
w 448 384 496 384 0
w 496 384 496 144 0
150 256 416 208 416 0 3 0 5
w 256 400 400 400 0
w 240 144 240 176 0
w 240 176 528 176 0
w 528 176 528 400 0
w 528 400 400 400 0
w 384 272 368 272 0
w 384 272 384 416 0
w 384 416 256 416 0
w 416 384 416 416 0
w 256 432 416 432 0
w 416 432 416 416 0
w 208 416 192 416 0
w 192 464 544 464 0
152 608 464 544 464 0 2 0 5
150 640 384 640 432 0 4 0 5
150 800 288 800 336 0 4 0 5
w 608 448 640 448 0
w 800 336 800 480 0
w 608 480 800 480 0
w 208 160 208 128 0
w 208 128 208 16 0
w 400 192 576 192 0
w 608 384 608 192 0
w 608 192 576 192 0
w 528 176 624 176 0
I 624 224 624 256 0 0.5 5
w 624 384 624 256 0
w 624 224 624 176 0
w 640 448 640 432 0
I 464 208 464 256 0 0.5 5
w 464 208 464 160 0
w 416 272 464 272 0
w 464 272 464 256 0
w 464 256 656 256 0
w 656 256 656 384 0
w 496 144 672 144 0
w 672 384 672 144 0
w 208 128 688 128 0
w 768 288 768 128 0
w 768 128 688 128 0
w 624 176 784 176 0
w 784 288 784 176 0
w 656 256 816 256 0
w 816 256 816 288 0
w 672 144 832 144 0
w 832 288 832 144 0
152 304 512 192 512 0 2 0 5
150 400 528 304 528 0 2 0 5
w 464 160 880 160 0
w 880 160 880 496 0
w 304 496 880 496 0
w 688 128 688 512 0
w 688 512 400 512 0
w 528 400 528 544 0
I 496 544 448 544 0 0.5 5
w 448 544 400 544 0
w 496 544 528 544 0
w 64 608 64 688 0
w 64 688 1104 688 0
w 1104 688 1104 560 0
