$ 1 0.000005 10.20027730826997 57 5 50
v 96 256 96 112 0 0 40 1 0 0 0.5
g 96 256 96 304 0
r 96 112 192 112 0 1000
r 192 64 336 64 0 5000
w 336 112 336 192 0
w 192 112 192 144 0
w 192 144 192 176 0
w 96 256 192 256 0
w 192 208 192 256 0
O 336 192 400 192 0
409 192 192 336 192 1 0.6 -6.203004448000355 0.0231 0
w 192 64 192 112 0
w 336 64 336 112 0
R 256 160 256 96 0 0 40 12 0 0 0.5
R 256 224 256 320 0 0 40 -12 0 0 0.5
403 288 224 416 288 0 9_64_0_4098_10_0.00009765625_1_1
403 -48 144 80 208 0 0_64_0_4098_5_0.025_0_2_0_3
